HallBathroomDoor, 0.1879 -0.2265 -0.0218 0.1227 0.2790 -0.0044 -0.0361 0.0820 -0.0335 -0.0156 0.0859 0.1324 -0.2109 0.0732 0.1416 0.1005 0.0918 0.1904 0.0274 -0.0593 0.1551 -0.1685 -0.0392 -0.1390 -0.1332 0.0226 0.1486 0.1480 -0.1002 0.0372 -0.1439 0.1682 0.1551 -0.1674 -0.2851 -0.1077 -0.1531 0.0173 0.0665 -0.2632 -0.0073 -0.2083 0.2136 0.0687 0.1065 0.0026 -0.1193 0.2314 0.1601 0.1256 
HallToiletDoor, 0.2003 -0.2290 -0.0254 0.1121 0.2845 0.0116 -0.0476 0.1068 -0.0481 -0.0273 0.0967 0.1424 -0.2133 0.0778 0.1404 0.1151 0.0760 0.1893 0.0431 -0.0681 0.1669 -0.1635 -0.0379 -0.1180 -0.1178 0.0109 0.1501 0.1200 -0.1193 0.0250 -0.1404 0.1748 0.1592 -0.1544 -0.2946 -0.0951 -0.1296 0.0284 0.0791 -0.2605 -0.0282 -0.1978 0.2089 0.0557 0.1049 0.0037 -0.1308 0.2067 0.1665 0.1362 
Fridge, 0.1688 -0.1791 -0.0161 0.1210 0.2836 0.0007 -0.0305 0.1222 -0.0401 -0.0530 0.0858 0.1410 -0.2086 0.0867 0.1529 0.1128 0.0891 0.1729 0.0383 -0.0868 0.1516 -0.1623 -0.0305 -0.1303 -0.1513 0.0034 0.1770 0.1458 -0.1204 0.0019 -0.1475 0.1765 0.1773 -0.1491 -0.2671 -0.1003 -0.1431 0.0242 0.0852 -0.2683 -0.0415 -0.2073 0.1943 0.0671 0.1170 0.0093 -0.0832 0.2436 0.1437 0.1012 
ToiletFlush, 0.1970 -0.2267 -0.0285 0.1216 0.2824 0.0053 -0.0347 0.0902 -0.0448 -0.0161 0.0769 0.1327 -0.2139 0.0675 0.1394 0.1115 0.0837 0.1810 0.0226 -0.0554 0.1663 -0.1726 -0.0447 -0.1303 -0.1284 0.0228 0.1454 0.1386 -0.1071 0.0431 -0.1405 0.1633 0.1469 -0.1646 -0.2906 -0.1075 -0.1507 0.0251 0.0638 -0.2668 -0.0198 -0.2083 0.2132 0.0716 0.1052 -0.0035 -0.1312 0.2226 0.1580 0.1260 
HallBedroomDoor, 0.2064 -0.2257 -0.0284 0.1337 0.2729 0.0005 -0.0392 0.0747 -0.0542 -0.0222 0.0660 0.1204 -0.2235 0.1133 0.1671 0.0706 0.1055 0.1764 0.0467 -0.0902 0.1406 -0.1937 -0.0558 -0.1536 -0.1663 0.0309 0.1685 0.1658 -0.1148 0.0296 -0.1533 0.1806 0.1802 -0.1543 -0.2770 -0.0842 -0.1271 0.0032 0.0394 -0.2236 -0.0128 -0.2064 0.1780 0.0591 0.1320 0.0312 -0.1360 0.2107 0.1375 0.1050 
Frontdoor, 0.1890 -0.2283 0.0147 0.1517 0.2998 0.0036 -0.0609 0.1052 -0.0163 -0.0534 0.0645 0.0969 -0.2004 0.0774 0.1752 0.0946 0.0978 0.1923 0.0546 -0.0445 0.1712 -0.1877 -0.0371 -0.1321 -0.1136 0.0479 0.1879 0.1061 -0.1198 0.0179 -0.1654 0.1414 0.1776 -0.1723 -0.2563 -0.0935 -0.1598 0.0447 0.1004 -0.2707 0.0153 -0.2193 0.1896 0.0887 0.0783 0.0009 -0.1198 0.1880 0.1245 0.1146 
GroceriesCupboard, 0.1687 -0.1549 -0.0412 0.1301 0.2759 0.0001 -0.0091 0.1283 -0.0705 -0.0509 0.1097 0.1353 -0.1960 0.0848 0.1620 0.1086 0.1074 0.1679 0.0152 -0.0893 0.1682 -0.1384 -0.0256 -0.1138 -0.1323 0.0004 0.1796 0.1422 -0.1116 0.0008 -0.1518 0.1965 0.1697 -0.1465 -0.2589 -0.1170 -0.1358 0.0573 0.0822 -0.2814 -0.0405 -0.1966 0.2098 0.0590 0.1303 -0.0143 -0.0679 0.2494 0.1430 0.1083 
PlatesCupboard, 0.1667 -0.1946 -0.0109 0.1211 0.2706 -0.0153 -0.0209 0.1211 -0.0533 -0.0314 0.0943 0.1263 -0.1991 0.0910 0.1675 0.0964 0.0972 0.1687 0.0436 -0.0774 0.1528 -0.1677 -0.0388 -0.1306 -0.1433 -0.0055 0.1562 0.1282 -0.1064 0.0121 -0.1422 0.1945 0.1745 -0.1549 -0.2765 -0.1127 -0.1406 0.0307 0.0871 -0.2718 -0.0168 -0.2024 0.2168 0.0738 0.1127 -0.0130 -0.1027 0.2280 0.1418 0.1171 
PansCupboard, 0.1903 -0.1589 -0.0120 0.1039 0.2662 -0.0008 -0.0309 0.0971 -0.0564 -0.0482 0.1110 0.1262 -0.2014 0.1031 0.1683 0.0927 0.1136 0.1894 0.0341 -0.0809 0.1728 -0.1506 -0.0469 -0.1096 -0.1560 0.0109 0.1678 0.1522 -0.1075 0.0260 -0.1540 0.1988 0.1769 -0.1372 -0.2775 -0.1072 -0.1521 0.0438 0.0732 -0.2732 -0.0204 -0.1787 0.2113 0.0668 0.1006 0.0109 -0.1084 0.2144 0.1519 0.1007 
CupsCupboard, 0.1923 -0.1614 -0.0107 0.1391 0.2833 0.0001 -0.0315 0.1218 -0.0500 -0.0265 0.1152 0.1442 -0.1999 0.0688 0.1706 0.1019 0.1165 0.1559 0.0198 -0.0968 0.1765 -0.1635 -0.0472 -0.1111 -0.1567 0.0089 0.1554 0.1349 -0.1162 0.0035 -0.1533 0.1862 0.1694 -0.1472 -0.2491 -0.1228 -0.1339 0.0431 0.0827 -0.2525 -0.0412 -0.2078 0.2040 0.0479 0.1259 0.0065 -0.0996 0.2474 0.1318 0.1043 
Freezer, 0.1924 -0.1943 -0.0490 0.1304 0.2514 -0.0132 -0.0112 0.0977 -0.0753 -0.0450 0.1231 0.1211 -0.2011 0.1020 0.1543 0.1195 0.0791 0.1787 0.0327 -0.0713 0.1690 -0.1650 -0.0477 -0.1464 -0.1454 0.0332 0.1878 0.1489 -0.0830 0.0364 -0.1273 0.1692 0.1484 -0.1484 -0.2833 -0.1141 -0.1262 0.0473 0.0597 -0.2504 -0.0128 -0.1758 0.2160 0.0582 0.1274 0.0094 -0.0639 0.2602 0.1390 0.1092 
Microwave, 0.1994 -0.1779 -0.0320 0.1379 0.2628 -0.0044 0.0046 0.1128 -0.0509 -0.0340 0.0964 0.1599 -0.1996 0.0648 0.1317 0.0860 0.0722 0.1555 0.0485 -0.0929 0.1662 -0.1365 -0.0431 -0.1270 -0.1536 -0.0004 0.1806 0.1243 -0.0859 0.0003 -0.1764 0.1667 0.1475 -0.1296 -0.2507 -0.1259 -0.1489 0.0343 0.0915 -0.2884 -0.0447 -0.2013 0.2230 0.0870 0.0943 -0.0066 -0.1049 0.2402 0.1443 0.1375 
Dishwasher, 0.1716 -0.1940 -0.0461 0.1198 0.2784 -0.0054 -0.0021 0.1077 -0.0369 -0.0246 0.0766 0.1386 -0.2129 0.0940 0.1310 0.1020 0.1192 0.1949 0.0262 -0.0668 0.1320 -0.1684 -0.0229 -0.1295 -0.1624 0.0114 0.1486 0.1389 -0.0951 0.0068 -0.1608 0.1966 0.1735 -0.1609 -0.2830 -0.0840 -0.1590 0.0367 0.0706 -0.2320 -0.0017 -0.1652 0.2242 0.0614 0.1263 0.0074 -0.0911 0.2539 0.1371 0.0832 
Washingmachine, 0.1966 -0.1564 -0.0359 0.1371 0.2513 -0.0030 -0.0237 0.1288 -0.0708 -0.0367 0.1060 0.1455 -0.2037 0.1057 0.1748 0.1235 0.1197 0.1617 0.0269 -0.0785 0.1754 -0.1584 -0.0246 -0.1182 -0.1433 0.0237 0.1726 0.1370 -0.0967 -0.0075 -0.1224 0.1873 0.1748 -0.1358 -0.2792 -0.1246 -0.1402 0.0578 0.0746 -0.2842 -0.0245 -0.1694 0.1899 0.0820 0.1210 0.0006 -0.0657 0.2580 0.1282 0.0871 
