HallBathroomDoor, -0.0356 -0.2188 -0.1704 0.1030 0.0787 0.1928 -0.1565 -0.1914 0.0903 0.0838 0.0447 -0.0152 -0.0310 0.0594 0.2431 -0.0287 0.1028 -0.0210 -0.0361 -0.0122 -0.2303 -0.1506 0.0435 0.0938 -0.0224 0.0770 -0.0701 0.0424 0.1438 -0.0041 0.1851 0.1094 -0.0134 -0.1235 0.1278 -0.2145 0.0847 -0.1312 -0.1694 0.0965 -0.0375 0.1652 0.0382 -0.1444 -0.2495 0.1665 -0.1015 -0.0580 -0.2053 -0.0672 
HallToiletDoor, -0.0525 -0.2313 -0.1692 0.1189 0.0654 0.2088 -0.1577 -0.1946 0.1102 0.1338 0.0474 -0.0250 -0.0162 0.0822 0.2775 -0.0754 0.1245 -0.0352 -0.0475 -0.0386 -0.2730 -0.1822 0.0513 0.0763 -0.0369 0.1025 -0.0368 0.0510 0.1485 0.0221 0.1694 0.1220 -0.0366 -0.1387 0.1908 -0.2664 0.1081 -0.1438 -0.2010 0.0767 -0.0355 0.1779 0.0665 -0.1513 -0.2651 0.1622 -0.1006 -0.0302 -0.2559 -0.0619 
Fridge, 0.0819 -0.2259 -0.2235 0.0612 0.1732 0.1643 -0.1820 -0.2107 0.0413 -0.0781 0.0385 0.0171 -0.1049 -0.0566 0.1290 0.2115 0.0234 0.1004 0.0062 0.0955 -0.1051 -0.0764 -0.0068 0.2224 0.0161 -0.0377 -0.2427 0.0150 0.1090 -0.1402 0.3155 0.0889 0.1003 -0.1037 -0.1421 -0.0150 0.0504 -0.0999 -0.0520 0.2085 -0.0541 0.1499 -0.0955 -0.1186 -0.2626 0.2598 -0.1057 -0.2607 -0.0136 -0.0846 
ToiletFlush, -0.0516 -0.2382 -0.1761 0.1177 0.0740 0.2110 -0.1625 -0.1994 0.1100 0.1222 0.0456 -0.0180 -0.0255 0.0741 0.2756 -0.0609 0.1250 -0.0278 -0.0432 -0.0277 -0.2684 -0.1787 0.0517 0.0842 -0.0329 0.0964 -0.0516 0.0519 0.1486 0.0170 0.1819 0.1235 -0.0273 -0.1402 0.1752 -0.2580 0.1039 -0.1429 -0.1999 0.0879 -0.0400 0.1819 0.0558 -0.1519 -0.2714 0.1746 -0.1010 -0.0458 -0.2491 -0.0625 
HallBedroomDoor, -0.0642 -0.2262 -0.1633 0.1145 0.0608 0.2084 -0.1540 -0.1937 0.1105 0.1339 0.0470 -0.0245 -0.0148 0.0866 0.2803 -0.0851 0.1321 -0.0447 -0.0478 -0.0412 -0.2720 -0.1788 0.0526 0.0683 -0.0375 0.1033 -0.0308 0.0537 0.1504 0.0296 0.1574 0.1199 -0.0379 -0.1383 0.1949 -0.2722 0.1033 -0.1441 -0.2043 0.0720 -0.0332 0.1746 0.0675 -0.1523 -0.2604 0.1584 -0.1013 -0.0163 -0.2606 -0.0620 
Frontdoor, 0.0250 -0.2311 -0.2029 0.0872 0.1249 0.1835 -0.1704 -0.2034 0.0713 0.0254 0.0395 -0.0011 -0.0634 0.0094 0.2000 0.0842 0.0739 0.0371 -0.0177 0.0298 -0.1904 -0.1288 0.0189 0.1617 -0.0094 0.0314 -0.1496 0.0347 0.1282 -0.0670 0.2525 0.0993 0.0418 -0.1206 0.0143 -0.1356 0.0842 -0.1277 -0.1245 0.1497 -0.0461 0.1643 -0.0214 -0.1383 -0.2721 0.2163 -0.1028 -0.1587 -0.1323 -0.0700 
GroceriesCupboard, 0.0669 -0.2366 -0.2221 0.0758 0.1677 0.1731 -0.1814 -0.2187 0.0495 -0.0702 0.0496 0.0230 -0.1046 -0.0425 0.1537 0.1878 0.0298 0.0881 0.0036 0.0982 -0.1089 -0.0926 0.0035 0.2148 0.0111 -0.0369 -0.2366 0.0131 0.1092 -0.1244 0.3137 0.1020 0.0823 -0.1158 -0.1173 -0.0267 0.0455 -0.0969 -0.0766 0.2076 -0.0534 0.1544 -0.0888 -0.1237 -0.2704 0.2582 -0.1049 -0.2466 -0.0300 -0.0951 
PlatesCupboard, 0.0725 -0.2344 -0.2256 0.0697 0.1617 0.1678 -0.1876 -0.2204 0.0467 -0.0811 0.0443 0.0219 -0.1084 -0.0479 0.1482 0.1897 0.0303 0.0886 0.0059 0.1032 -0.1072 -0.0825 -0.0031 0.2084 0.0111 -0.0355 -0.2383 0.0081 0.1155 -0.1282 0.3158 0.1019 0.0849 -0.1092 -0.1219 -0.0226 0.0369 -0.0991 -0.0701 0.2104 -0.0548 0.1580 -0.0936 -0.1189 -0.2690 0.2608 -0.1091 -0.2457 -0.0259 -0.0943 
PansCupboard, 0.1112 -0.1657 -0.1854 0.0295 0.1675 0.1039 -0.1396 -0.1704 0.0095 -0.1440 0.0325 0.0328 -0.1124 -0.0942 0.0486 0.2586 -0.0238 0.1270 0.0277 0.1300 -0.0059 -0.0208 -0.0223 0.2192 0.0315 -0.0880 -0.2607 -0.0082 0.0593 -0.1632 0.2901 0.0646 0.1191 -0.0672 -0.2265 0.0886 0.0052 -0.0508 0.0067 0.2084 -0.0489 0.1005 -0.1350 -0.0752 -0.1985 0.2267 -0.0777 -0.2795 0.0839 -0.0765 
CupsCupboard, 0.0911 -0.2182 -0.2166 0.0583 0.1726 0.1474 -0.1750 -0.2079 0.0382 -0.1035 0.0425 0.0235 -0.1091 -0.0689 0.1165 0.2242 0.0133 0.1070 0.0152 0.1077 -0.0798 -0.0633 -0.0087 0.2212 0.0170 -0.0527 -0.2547 0.0032 0.0981 -0.1477 0.3160 0.0902 0.1055 -0.0997 -0.1672 0.0137 0.0355 -0.0879 -0.0391 0.2133 -0.0508 0.1432 -0.1073 -0.1040 -0.2542 0.2565 -0.1007 -0.2665 0.0124 -0.0903 
Freezer, 0.0717 -0.2353 -0.2266 0.0676 0.1624 0.1750 -0.1834 -0.2164 0.0551 -0.0643 0.0426 0.0167 -0.1071 -0.0474 0.1447 0.1956 0.0342 0.0900 0.0065 0.0884 -0.1159 -0.0948 -0.0013 0.2173 0.0119 -0.0331 -0.2351 0.0119 0.1114 -0.1267 0.3067 0.1025 0.0902 -0.1153 -0.1114 -0.0313 0.0538 -0.1073 -0.0709 0.2028 -0.0586 0.1583 -0.0852 -0.1215 -0.2686 0.2648 -0.1085 -0.2435 -0.0313 -0.0900 
Microwave, 0.0270 -0.2471 -0.2164 0.0912 0.1372 0.1890 -0.1914 -0.2243 0.0641 -0.0301 0.0518 0.0167 -0.0945 -0.0139 0.1925 0.1121 0.0606 0.0536 -0.0061 0.0702 -0.1533 -0.1105 0.0196 0.1683 0.0021 0.0024 -0.1930 0.0179 0.1385 -0.0901 0.2853 0.1129 0.0483 -0.1245 -0.0372 -0.0913 0.0502 -0.1112 -0.1101 0.1821 -0.0539 0.1702 -0.0489 -0.1354 -0.2681 0.2388 -0.1145 -0.1874 -0.0867 -0.0967 
Dishwasher, 0.0794 -0.2255 -0.2225 0.0622 0.1671 0.1618 -0.1795 -0.2126 0.0439 -0.0890 0.0424 0.0244 -0.1119 -0.0617 0.1266 0.2135 0.0193 0.1020 0.0125 0.1051 -0.0877 -0.0762 -0.0055 0.2177 0.0189 -0.0470 -0.2476 0.0067 0.1040 -0.1406 0.3102 0.0945 0.0993 -0.1056 -0.1451 -0.0004 0.0380 -0.0915 -0.0524 0.2105 -0.0572 0.1468 -0.0998 -0.1114 -0.2572 0.2603 -0.1035 -0.2590 -0.0025 -0.0917 
Washingmachine, -0.0268 -0.2724 -0.2263 0.1128 0.1097 0.2192 -0.2090 -0.2412 0.0943 -0.0020 0.0692 0.0196 -0.0923 0.0325 0.2442 0.0318 0.0824 0.0032 -0.0138 0.0636 -0.1892 -0.1364 0.0318 0.1267 0.0033 0.0332 -0.1507 0.0233 0.1775 -0.0523 0.2802 0.1320 0.0126 -0.1404 0.0464 -0.1459 0.0478 -0.1193 -0.1621 0.1624 -0.0446 0.1914 -0.0119 -0.1667 -0.2789 0.2397 -0.1294 -0.1218 -0.1398 -0.1116 
