HallBathroomDoor, -0.20532687 -0.44053444 -0.2944087 0.2534114 0.06941803 0.43142357 -0.30439252 -0.38290638 0.2333895 0.3035734 0.10668712 -0.06253815 0.0032725625 0.23337056 0.61087316 -0.30196232 0.28073195 -0.16876005 -0.11642997 -0.11584443 -0.57654387 -0.3681109 0.1452039 0.05504519 -0.07541501 0.26168367 0.019961197 0.1069762 0.34020624 0.12546408 0.25126082 0.25515082 -0.14623791 -0.2697878 0.515036 -0.6261745 0.18182003 -0.28746748 -0.45750162 0.092289016 -0.061552487 0.3545408 0.20890255 -0.32138023 -0.4843878 0.24908909 -0.213925 0.09130676 -0.5938558 -0.13732226
HallToiletDoor, -0.096525915 -0.40623567 -0.29382974 0.2172782 0.10278186 0.37404266 -0.27657884 -0.34366107 0.19986323 0.2631778 0.08897138 -0.05781707 -0.012347267 0.16327675 0.5058091 -0.16291134 0.22433607 -0.07714313 -0.09372843 -0.08949443 -0.50248855 -0.3360878 0.092317775 0.12383328 -0.074112326 0.19660433 -0.03991422 0.0904883 0.26875824 0.0494331 0.28388354 0.21794066 -0.082907714 -0.24815343 0.3733814 -0.49730408 0.2033867 -0.26165378 -0.3657015 0.11853657 -0.055913325 0.3146251 0.13977231 -0.27295938 -0.4684162 0.27104655 -0.18138318 -0.02652799 -0.47545582 -0.11080542
Fridge, 0.13338457 -0.35742253 -0.3547508 0.09518901 0.28319147 0.26366678 -0.29158652 -0.32981503 0.061214253 -0.10616906 0.054648846 0.015546828 -0.154826 -0.08142649 0.20736817 0.3310392 0.043322884 0.1561566 -3.4316887e-05 0.13563035 -0.19348036 -0.12108716 -0.012729733 0.35884616 0.021207182 -0.04479951 -0.37574482 0.036955293 0.18000555 -0.22076887 0.5068004 0.13153665 0.16007316 -0.16065724 -0.21979149 -0.046893813 0.0993066 -0.17100549 -0.08145175 0.32635838 -0.080498435 0.24176991 -0.14404833 -0.19873632 -0.4234017 0.40958154 -0.17042592 -0.41467893 -0.03887347 -0.12253381
ToiletFlush, -0.08505766 -0.41120893 -0.3069993 0.19565529 0.13855672 0.3576416 -0.28083432 -0.34253734 0.18422112 0.18548669 0.073609985 -0.018508142 -0.058469787 0.11079497 0.45918176 -0.077663176 0.2106133 -0.03421672 -0.065212 -0.028137755 -0.44263196 -0.29390603 0.08724814 0.15452541 -0.048351146 0.15149811 -0.11135003 0.08870974 0.24944182 0.019830614 0.32622913 0.20988181 -0.030346226 -0.2378762 0.2679891 -0.4187976 0.16720723 -0.23852348 -0.33368304 0.16632396 -0.07487104 0.3120642 0.07562847 -0.25570905 -0.4659759 0.31379023 -0.17016579 -0.10306673 -0.40664288 -0.10604638
HallBedroomDoor, -0.14571188 -0.4069446 -0.2856599 0.21115461 0.090258256 0.3909311 -0.27621266 -0.35686693 0.2109116 0.2766972 0.091819346 -0.058671393 -0.0076872203 0.18817098 0.54125625 -0.20748901 0.2642112 -0.11685283 -0.09962466 -0.103778996 -0.5234196 -0.33973235 0.10166751 0.09953578 -0.080064416 0.20943886 -0.01902438 0.10521199 0.28894785 0.08000738 0.25240767 0.22087036 -0.091909416 -0.25897595 0.40732107 -0.5439803 0.19492288 -0.2757802 -0.3960734 0.106397144 -0.05020142 0.31779644 0.15052159 -0.28999394 -0.4737102 0.27011085 -0.19307211 0.025063064 -0.5165516 -0.11659934
Frontdoor, -0.051592927 -0.38219422 -0.29478922 0.18298854 0.12396273 0.32764265 -0.25654992 -0.3171728 0.16375828 0.20843546 0.06542261 -0.03118421 -0.035469707 0.121796355 0.4383052 -0.06978921 0.20128772 -0.04221669 -0.06739423 -0.05794786 -0.4455456 -0.29277825 0.071974814 0.16336098 -0.056381904 0.16248158 -0.09127812 0.08801539 0.23823732 0.009797117 0.30647224 0.17739852 -0.027062075 -0.22235143 0.27609578 -0.41410097 0.19061926 -0.25148964 -0.31844842 0.14703509 -0.061572317 0.2889067 0.08514794 -0.25525382 -0.45523688 0.27922222 -0.16147642 -0.09161185 -0.40582567 -0.08961467
GroceriesCupboard, 0.08174263 -0.37282988 -0.33374405 0.13442044 0.25340265 0.2774219 -0.275794 -0.33835772 0.08296784 -0.07726833 0.08552612 0.032466337 -0.14653376 -0.035114933 0.2721001 0.24402136 0.060637325 0.11182257 -0.008103877 0.13737507 -0.19560641 -0.16405785 0.018848646 0.31887785 0.005082103 -0.04021678 -0.33952525 0.029425789 0.17233455 -0.16303599 0.47728196 0.16480651 0.09832095 -0.18960036 -0.13455929 -0.079810284 0.07987066 -0.15399033 -0.15163097 0.30794352 -0.07477511 0.24396129 -0.117134474 -0.2045213 -0.4268189 0.38540992 -0.159887 -0.35236248 -0.086430214 -0.14831963
PlatesCupboard, 0.10320376 -0.38277888 -0.35999006 0.12144842 0.24596252 0.27336726 -0.3079583 -0.3589409 0.07801432 -0.11524591 0.07262695 0.030467793 -0.16501082 -0.05382913 0.2670464 0.2611943 0.06494019 0.118228346 -0.0011141384 0.15940067 -0.1993685 -0.13991283 -0.0010376219 0.3132955 0.005295241 -0.037659835 -0.36037204 0.015126151 0.19982482 -0.18215753 0.50584817 0.1720605 0.11072983 -0.17726505 -0.15519471 -0.07040223 0.056222618 -0.1678481 -0.13816515 0.3309026 -0.0824709 0.26636988 -0.137291 -0.19878873 -0.44173077 0.41099817 -0.18055739 -0.36566707 -0.07767797 -0.15252042
PansCupboard, 0.46382883 -0.34395927 -0.48149723 -0.01022743 0.5449492 0.14925793 -0.3236764 -0.41596216 -0.08093819 -0.64556926 0.07337271 0.13380872 -0.36631763 -0.41096273 -0.0954999 0.985098 -0.21742244 0.49304083 0.13944961 0.5028261 0.24628799 0.11241523 -0.12652919 0.7160595 0.14288934 -0.4185439 -0.88864535 -0.0751084 0.047225602 -0.6027705 0.8758451 0.112575576 0.4503528 -0.093263045 -0.9989929 0.57575285 -0.089321814 -0.032770082 0.21367848 0.6695807 -0.1316474 0.17575884 -0.5517643 -0.12639533 -0.4537232 0.626166 -0.16854334 -0.97330236 0.5528516 -0.19930682
CupsCupboard, 0.17763197 -0.36461046 -0.36439314 0.09388784 0.30791336 0.2297948 -0.29480866 -0.35109076 0.05615939 -0.2040328 0.07379908 0.03919515 -0.18378974 -0.13153568 0.18395364 0.40611473 0.01251952 0.19375926 0.030913249 0.1907457 -0.12421924 -0.08705451 -0.020685658 0.38832316 0.026226984 -0.10079896 -0.4525099 -0.000638472 0.15941127 -0.26761544 0.55616504 0.14851579 0.19302231 -0.16204107 -0.3269751 0.047967713 0.056902304 -0.14566055 -0.04446236 0.37354645 -0.07684046 0.24125504 -0.19839008 -0.16684394 -0.43416747 0.43670028 -0.16940564 -0.47356614 0.047182713 -0.15380543
Freezer, 0.106860414 -0.40976146 -0.3857 0.122077554 0.26374018 0.3146754 -0.31292874 -0.36814833 0.11100155 -0.066270865 0.07157732 0.0152679 -0.1710587 -0.055401124 0.27211598 0.29703063 0.082141176 0.13029316 0.00078065775 0.11983918 -0.24081247 -0.18974362 0.0047511063 0.36259103 0.008327926 -0.03222374 -0.3723142 0.02858703 0.19866805 -0.18855771 0.5069747 0.18483971 0.13561343 -0.20879541 -0.12973823 -0.104070045 0.11629451 -0.20558774 -0.1492584 0.3262715 -0.100316964 0.2839561 -0.117901586 -0.22006159 -0.4681669 0.4500135 -0.18975884 -0.38116673 -0.100333124 -0.14757945
Microwave, -0.043241084 -0.45577008 -0.356765 0.20373017 0.18211079 0.36671215 -0.3447828 -0.40026903 0.14313042 0.048941944 0.1037996 0.01520531 -0.13078733 0.057466988 0.4383295 0.018310355 0.17270859 0.009032947 -0.042017136 0.060125545 -0.37128162 -0.24560924 0.07581868 0.20166421 -0.024945851 0.0879565 -0.23486336 0.049249314 0.29361188 -0.06719818 0.44199702 0.2227927 -0.004755627 -0.24321933 0.12003456 -0.3090124 0.105932 -0.22187677 -0.2848004 0.26061162 -0.086006306 0.32836136 0.0034354422 -0.2702513 -0.47350585 0.36870295 -0.21283154 -0.19641083 -0.28989515 -0.17251678
Dishwasher, 0.16730778 -0.41405818 -0.41917738 0.10912823 0.3297754 0.28515723 -0.33723927 -0.40092772 0.062596075 -0.21813273 0.080925204 0.06137431 -0.2239729 -0.14582862 0.2084694 0.4442134 0.008553222 0.21884164 0.035564955 0.23374218 -0.11436555 -0.11037403 -0.018601494 0.4188534 0.04956278 -0.116917826 -0.49915978 0.0028347499 0.18529496 -0.2965178 0.60212934 0.16606835 0.20824264 -0.18432605 -0.3434383 0.058722857 0.04268511 -0.14557862 -0.06522647 0.4188321 -0.10706049 0.2596082 -0.21984862 -0.1945852 -0.47184378 0.49135786 -0.18902059 -0.5269817 0.050369523 -0.17923667
Washingmachine, -0.051026657 -0.51885015 -0.43106744 0.21483226 0.20894943 0.41756895 -0.39809027 -0.45944944 0.17973427 -0.003847901 0.13187435 0.03733202 -0.17589925 0.06185047 0.46523774 0.060624875 0.1570222 0.006027864 -0.026275847 0.12112392 -0.36044997 -0.25978234 0.060534485 0.24145627 0.006288461 0.06333529 -0.28711772 0.04435732 0.33815604 -0.09962382 0.53386396 0.25137734 0.023925874 -0.26744148 0.08833689 -0.2778975 0.09105966 -0.22725691 -0.3088502 0.30937466 -0.08500192 0.36470473 -0.022698898 -0.31749287 -0.5312563 0.456658 -0.24645406 -0.23201993 -0.26635543 -0.21267724
