HallBathroomDoor, -0.39986843 0.24059564 -0.33121452 0.0942182 -0.14286345 -0.2492781 -0.021279044 0.5445933 0.24676582 0.23337877 -0.25965613 -0.26299274 -0.033396434 -0.18846716 0.36852124 0.18876866 -0.45468208 -0.15749517 0.07489699 0.0054260776 0.18780105 -0.3235616 0.43829373 -0.074070536 0.1871718 0.26570752 -0.09551313 -0.28719983 -0.090639286 0.06909087 0.2741014 0.16218652 0.105329685 0.3568457 -0.122527175 0.08911206 -0.07111412 -0.4211579 -0.21787497 0.13301179 -0.2956299 0.19112329 -0.07345749 -0.34229735 0.0007629236 0.2876126 0.30428362 0.12833887 -0.010850461 0.17450728
HallToiletDoor, -0.34757832 0.2442637 -0.3206648 0.049561482 -0.1107657 -0.2604862 -0.029451909 0.4879541 0.21801487 0.14506368 -0.20452692 -0.24708106 -0.0592105 -0.16472542 0.29884484 0.17123611 -0.39553896 -0.16983148 0.06787859 -0.006946541 0.1282925 -0.29697254 0.40836427 -0.018616783 0.13137445 0.24923615 -0.112440296 -0.2338197 -0.115566514 -0.0013293695 0.32261956 0.1295949 0.15607215 0.27813345 -0.12614296 0.12048113 -0.02069967 -0.40261784 -0.17123677 0.10951695 -0.26927596 0.2106254 0.036551986 -0.2875499 -0.007254116 0.21706818 0.3591536 0.088258505 0.0052772323 0.17369209
Fridge, 0.11895988 0.6276969 -0.019599753 -0.15409337 0.0067895884 0.07586365 -0.0399835 0.01062516 0.30820176 -0.00066447235 -0.002358077 -0.080711514 -0.16323929 -0.1338307 0.10349905 0.10837909 -0.13200891 0.14500046 -0.0036153493 0.03774046 0.16591673 -0.19942066 0.2777575 0.11640095 -0.13681939 0.4835826 -0.021010563 0.044167016 -0.0614313 -0.007504788 0.3388616 0.15930057 0.38699687 0.07609294 -0.11759134 0.11569064 0.030967161 -0.33480492 0.08042728 0.072977 0.0153074525 0.040652357 0.3286067 -0.22141314 0.104726166 -0.017734936 0.4380477 0.048277356 0.06622877 0.013988381
ToiletFlush, -0.3110929 0.2824598 -0.28266227 0.03261925 -0.09389677 -0.19501007 -0.009509568 0.42964315 0.2374288 0.18037316 -0.20796163 -0.22489488 -0.079916395 -0.16446467 0.29690585 0.14721008 -0.3744489 -0.11203318 0.081571355 0.024249298 0.15633631 -0.28554386 0.40124887 -0.011270058 0.13422611 0.28676447 -0.10158186 -0.19008082 -0.08756016 0.041274913 0.27427748 0.16425344 0.16608585 0.27311772 -0.12515572 0.11462944 -0.06694263 -0.40334728 -0.14992407 0.096764855 -0.21560192 0.14792223 0.01604327 -0.310136 0.029699849 0.2276865 0.31686622 0.12232358 0.003878727 0.15122776
HallBedroomDoor, -0.4695721 0.19328524 -0.36180013 0.124180764 -0.1499255 -0.28259104 0.0019223929 0.5917112 0.24127667 0.25059965 -0.28693223 -0.27028772 -0.027313419 -0.19298291 0.39631975 0.18548894 -0.4851139 -0.20460196 0.10380741 -0.009495266 0.19236535 -0.3169357 0.4458537 -0.09734578 0.23203808 0.2301788 -0.11911881 -0.31967345 -0.088223875 0.074951485 0.26451463 0.14958918 0.07836258 0.38617542 -0.13356113 0.08458434 -0.09431395 -0.4246188 -0.24666415 0.13624671 -0.30976775 0.20493285 -0.106220305 -0.33996674 0.0061389166 0.31222802 0.3087141 0.15129687 -0.021548843 0.19092864
Frontdoor, -0.17028081 0.36717784 -0.22225598 -0.012829959 -0.08530141 -0.15190336 -0.019623475 0.32721144 0.2526717 0.08453508 -0.1262345 -0.17743622 -0.11517617 -0.1670895 0.21437413 0.14389025 -0.27672514 -0.07032001 0.0578643 0.01906579 0.1271568 -0.25185493 0.35959712 0.054628417 0.020445012 0.316268 -0.08117625 -0.12658367 -0.1046209 -0.016906625 0.33321366 0.15606968 0.24848756 0.18379042 -0.11598255 0.12850921 -0.010282933 -0.38867247 -0.09665433 0.08631418 -0.16875586 0.1662505 0.1622279 -0.25897172 0.024214564 0.14578414 0.39700466 0.05726784 0.013537669 0.12596928
GroceriesCupboard, 0.03349251 0.5903936 -0.048293788 -0.10056233 -0.03579957 0.00598406 -0.043867312 0.11509474 0.3048234 0.05195247 -0.014164003 -0.1371684 -0.14403664 -0.14355789 0.13995291 0.14032766 -0.20921434 0.08031803 0.016079113 0.035721917 0.17008069 -0.2488088 0.3104355 0.106701285 -0.06931593 0.46367133 -0.03835248 -0.009498836 -0.068965435 -0.01475857 0.3473864 0.15299404 0.35921988 0.12003833 -0.12220408 0.09863765 0.014635834 -0.34581232 0.0152166905 0.08768022 -0.06301821 0.07419134 0.2700971 -0.2566114 0.08144195 0.034893353 0.43118283 0.062389962 0.045256324 0.06903875
PlatesCupboard, 0.11393127 0.65421003 -0.023254527 -0.14816287 -0.0025254083 0.07927795 -0.041828744 0.01924354 0.31478673 0.022658762 0.0042557525 -0.08590043 -0.17348935 -0.14748967 0.11225916 0.13213821 -0.15137099 0.14525576 0.01951421 0.042516496 0.17878658 -0.20927788 0.3063165 0.12268192 -0.12242384 0.5066162 -0.013799867 0.020863432 -0.052834153 -0.009087249 0.33786923 0.1678022 0.39148447 0.0980503 -0.14348668 0.10087081 0.00022244862 -0.34917316 0.07144342 0.09072026 0.006027698 0.05454813 0.324251 -0.2529671 0.10080124 0.008254241 0.44210982 0.085095555 0.047173996 0.04277785
PansCupboard, 0.4121736 0.93619144 0.20094459 -0.25496835 0.06675426 0.30930892 -0.061411045 -0.26549593 0.42054924 -0.053886414 0.15364349 -0.030986277 -0.26945046 -0.15486999 -0.019797627 0.13504422 -0.0012977041 0.3398609 0.015053474 0.046836235 0.22663197 -0.15044826 0.26798302 0.23534404 -0.2630425 0.67880446 0.03716623 0.20757578 -0.04586611 -0.0334797 0.39930245 0.1635692 0.56780726 -0.03713399 -0.14881991 0.09908839 0.025488596 -0.28280574 0.21357793 0.0668642 0.18806882 -0.04866642 0.5394048 -0.20686641 0.19984272 -0.1981615 0.54805064 0.08885883 0.08412185 -0.053257026
CupsCupboard, 0.22618969 0.75602657 0.040925656 -0.19149895 0.012158898 0.14761083 -0.024000295 -0.07294416 0.36525533 0.009725308 0.027077915 -0.057969227 -0.20948158 -0.12783417 0.086015515 0.1260587 -0.06954706 0.22237085 0.034432027 0.04176902 0.17933273 -0.18065412 0.30406338 0.15110774 -0.18256843 0.5595704 -0.01083504 0.0989133 -0.036117215 0.009014228 0.33838433 0.204212 0.45259225 0.04294918 -0.13203709 0.111510865 -0.0049715834 -0.3514572 0.12238864 0.083568215 0.07680211 0.02089514 0.39496666 -0.257339 0.13535444 -0.06169953 0.48892307 0.0931614 0.07121872 -0.001975354
Freezer, 0.13596101 0.69505835 -0.025557186 -0.14186333 -0.017370496 0.06282117 -0.045606863 0.013150646 0.32538217 0.00012723972 0.00763708 -0.08377345 -0.1705967 -0.13554782 0.10462312 0.12061895 -0.13024926 0.15791588 0.0022577473 0.043947287 0.18175937 -0.23073058 0.29281947 0.14411615 -0.15508807 0.5333956 -0.031909287 0.021145346 -0.041172195 9.8542245e-05 0.36447835 0.19246681 0.4193396 0.08439452 -0.14939031 0.111673556 0.033433035 -0.35673776 0.080314524 0.09274617 -0.004531061 0.054533117 0.37193885 -0.2487455 0.09928882 -0.0019668262 0.4867369 0.05959004 0.06948385 0.023632517
Microwave, -0.021182938 0.5480879 -0.107357346 -0.09977409 -0.04981589 -0.05182913 -0.032124653 0.18991172 0.28743955 0.059787046 -0.06266366 -0.13199575 -0.12317312 -0.13996546 0.18393652 0.124629214 -0.23991549 0.054110844 0.02388743 0.040169537 0.15805037 -0.27861682 0.32327807 0.09686505 -0.062216084 0.44588202 -0.051686697 -0.053073447 -0.048083935 0.007525685 0.32864305 0.18942213 0.32595754 0.15011764 -0.12927952 0.08968708 0.0032480643 -0.39591375 -0.011552201 0.09297383 -0.105036035 0.10736066 0.23706749 -0.2924951 0.07679292 0.10742848 0.41095906 0.072966345 0.035044756 0.07538614
Dishwasher, 0.1319441 0.7305378 0.002720668 -0.16210252 -0.025351714 0.08435446 -0.03704357 0.016444799 0.37659493 0.01907883 0.022221634 -0.115913786 -0.1849504 -0.16808131 0.11617594 0.15025184 -0.16642262 0.1674618 0.04106561 0.04391688 0.18829507 -0.24628924 0.33353826 0.1496099 -0.13666952 0.55936784 -0.024401847 0.050383884 -0.06811733 -0.0012950092 0.37786868 0.18771514 0.44930097 0.090070255 -0.15399557 0.11397048 -0.0058448 -0.37597573 0.0806522 0.095710695 0.007821418 0.059273195 0.36895695 -0.27035514 0.12030065 -0.020695642 0.5029088 0.105199225 0.050909527 0.04516183
Washingmachine, -0.06565494 0.6544292 -0.1643696 -0.07968102 -0.09329996 -0.064423226 -0.009425886 0.2405032 0.34507412 0.08997755 -0.069143794 -0.1695762 -0.13480462 -0.19688164 0.23003536 0.19315235 -0.26424852 0.054197196 0.07178796 0.060979124 0.19036658 -0.32397935 0.42215857 0.11366749 -0.055739734 0.52347755 -0.05598191 -0.096922785 -0.061762035 0.016577471 0.37900117 0.2328574 0.3661351 0.21502706 -0.15469138 0.10856876 -0.01805617 -0.47242028 -0.038381465 0.10876571 -0.117802866 0.14594442 0.2792804 -0.34903377 0.09035882 0.14247891 0.49625692 0.095753685 0.04038123 0.118388034
