HallBathroomDoor, -0.0810 -0.2193 -0.1530 0.1180 0.0492 0.2058 -0.1509 -0.1877 0.1095 0.1317 0.0480 -0.0232 -0.0106 0.0949 0.2820 -0.1098 0.1295 -0.0595 -0.0493 -0.0418 -0.2680 -0.1734 0.0627 0.0479 -0.0332 0.1118 -0.0159 0.0510 0.1558 0.0431 0.1433 0.1214 -0.0517 -0.1315 0.2141 -0.2788 0.0900 -0.1372 -0.2092 0.0619 -0.0341 0.1727 0.0803 -0.1512 -0.2439 0.1401 -0.1006 0.0081 -0.2663 -0.0640 
HallToiletDoor, -0.0672 -0.2219 -0.1577 0.1190 0.0530 0.2062 -0.1518 -0.1888 0.1100 0.1385 0.0486 -0.0276 -0.0087 0.0926 0.2808 -0.0999 0.1267 -0.0511 -0.0506 -0.0456 -0.2728 -0.1795 0.0569 0.0582 -0.0371 0.1102 -0.0190 0.0505 0.1522 0.0352 0.1501 0.1209 -0.0488 -0.1343 0.2102 -0.2768 0.1012 -0.1409 -0.2056 0.0637 -0.0325 0.1733 0.0788 -0.1510 -0.2513 0.1450 -0.1004 -0.0033 -0.2645 -0.0626 
Fridge, 0.0842 -0.2134 -0.2110 0.0594 0.1738 0.1526 -0.1700 -0.2007 0.0336 -0.0839 0.0400 0.0190 -0.1003 -0.0547 0.1210 0.2094 0.0160 0.0995 0.0054 0.0992 -0.0919 -0.0689 -0.0064 0.2210 0.0152 -0.0446 -0.2398 0.0144 0.0976 -0.1370 0.3111 0.0839 0.0956 -0.0976 -0.1507 -0.0029 0.0445 -0.0899 -0.0484 0.2059 -0.0488 0.1396 -0.0999 -0.1147 -0.2519 0.2472 -0.0980 -0.2593 -0.0030 -0.0819 
ToiletFlush, -0.0659 -0.2322 -0.1679 0.1173 0.0659 0.2095 -0.1591 -0.1959 0.1096 0.1211 0.0459 -0.0171 -0.0227 0.0805 0.2778 -0.0780 0.1275 -0.0400 -0.0441 -0.0293 -0.2659 -0.1743 0.0573 0.0700 -0.0310 0.1011 -0.0411 0.0520 0.1522 0.0275 0.1688 0.1232 -0.0349 -0.1366 0.1869 -0.2642 0.0948 -0.1397 -0.2040 0.0805 -0.0394 0.1793 0.0627 -0.1518 -0.2608 0.1636 -0.1010 -0.0267 -0.2543 -0.0636 
HallBedroomDoor, -0.0767 -0.2143 -0.1504 0.1112 0.0475 0.2059 -0.1455 -0.1879 0.1111 0.1457 0.0484 -0.0309 -0.0040 0.0991 0.2851 -0.1093 0.1391 -0.0615 -0.0525 -0.0547 -0.2757 -0.1789 0.0535 0.0524 -0.0422 0.1103 -0.0100 0.0554 0.1522 0.0421 0.1329 0.1163 -0.0484 -0.1364 0.2145 -0.2865 0.1027 -0.1452 -0.2086 0.0560 -0.0264 0.1674 0.0793 -0.1527 -0.2495 0.1423 -0.1017 0.0132 -0.2720 -0.0614 
Frontdoor, -0.0319 -0.2364 -0.1823 0.1132 0.0767 0.2027 -0.1587 -0.1962 0.1013 0.1289 0.0405 -0.0193 -0.0219 0.0753 0.2711 -0.0432 0.1245 -0.0261 -0.0417 -0.0358 -0.2756 -0.1811 0.0445 0.1010 -0.0349 0.1005 -0.0565 0.0544 0.1474 0.0061 0.1896 0.1097 -0.0167 -0.1375 0.1708 -0.2561 0.1179 -0.1556 -0.1970 0.0909 -0.0381 0.1787 0.0527 -0.1579 -0.2816 0.1727 -0.0999 -0.0567 -0.2510 -0.0554 
GroceriesCupboard, 0.0839 -0.2005 -0.1973 0.0585 0.1683 0.1382 -0.1554 -0.1926 0.0284 -0.1006 0.0454 0.0281 -0.1026 -0.0578 0.1107 0.2093 0.0045 0.1002 0.0107 0.1125 -0.0614 -0.0611 -0.0047 0.2149 0.0169 -0.0608 -0.2417 0.0053 0.0812 -0.1342 0.3014 0.0846 0.0898 -0.0936 -0.1623 0.0238 0.0262 -0.0716 -0.0452 0.2052 -0.0467 0.1261 -0.1086 -0.1036 -0.2357 0.2351 -0.0882 -0.2561 0.0185 -0.0862 
PlatesCupboard, 0.0747 -0.2219 -0.2131 0.0678 0.1623 0.1560 -0.1756 -0.2104 0.0390 -0.0869 0.0458 0.0237 -0.1037 -0.0460 0.1402 0.1877 0.0229 0.0877 0.0050 0.1069 -0.0940 -0.0750 -0.0027 0.2070 0.0101 -0.0424 -0.2354 0.0075 0.1041 -0.1250 0.3115 0.0970 0.0801 -0.1031 -0.1305 -0.0105 0.0310 -0.0891 -0.0665 0.2078 -0.0495 0.1477 -0.0979 -0.1150 -0.2582 0.2482 -0.1015 -0.2443 -0.0154 -0.0916 
PansCupboard, 0.1134 -0.1533 -0.1729 0.0277 0.1681 0.0921 -0.1276 -0.1604 0.0017 -0.1498 0.0340 0.0347 -0.1077 -0.0922 0.0407 0.2565 -0.0312 0.1261 0.0269 0.1338 0.0073 -0.0132 -0.0218 0.2178 0.0305 -0.0949 -0.2578 -0.0089 0.0479 -0.1600 0.2857 0.0596 0.1143 -0.0612 -0.2351 0.1006 -0.0007 -0.0408 0.0103 0.2058 -0.0436 0.0902 -0.1393 -0.0713 -0.1878 0.2141 -0.0701 -0.2781 0.0945 -0.0738 
CupsCupboard, 0.0933 -0.2057 -0.2041 0.0564 0.1732 0.1356 -0.1630 -0.1979 0.0305 -0.1093 0.0441 0.0254 -0.1045 -0.0669 0.1086 0.2222 0.0059 0.1062 0.0143 0.1114 -0.0666 -0.0558 -0.0083 0.2198 0.0161 -0.0596 -0.2518 0.0025 0.0867 -0.1445 0.3116 0.0853 0.1008 -0.0937 -0.1757 0.0258 0.0296 -0.0779 -0.0355 0.2107 -0.0456 0.1329 -0.1117 -0.1001 -0.2435 0.2439 -0.0931 -0.2651 0.0229 -0.0876 
Freezer, 0.0739 -0.2228 -0.2140 0.0658 0.1630 0.1632 -0.1713 -0.2064 0.0474 -0.0701 0.0441 0.0186 -0.1024 -0.0455 0.1368 0.1935 0.0268 0.0891 0.0056 0.0921 -0.1027 -0.0873 -0.0009 0.2159 0.0110 -0.0401 -0.2322 0.0112 0.1000 -0.1235 0.3024 0.0976 0.0855 -0.1092 -0.1199 -0.0192 0.0479 -0.0973 -0.0673 0.2002 -0.0533 0.1480 -0.0896 -0.1176 -0.2579 0.2522 -0.1008 -0.2421 -0.0208 -0.0872 
Microwave, -0.0255 -0.2687 -0.2103 0.1201 0.1073 0.2162 -0.2032 -0.2359 0.0844 0.0288 0.0612 0.0090 -0.0771 0.0339 0.2584 0.0108 0.1018 0.0053 -0.0248 0.0354 -0.2189 -0.1448 0.0447 0.1189 -0.0147 0.0518 -0.1384 0.0290 0.1731 -0.0396 0.2605 0.1313 -0.0028 -0.1434 0.0708 -0.1821 0.0624 -0.1308 -0.1679 0.1536 -0.0507 0.1936 0.0020 -0.1593 -0.2791 0.2173 -0.1255 -0.1158 -0.1709 -0.1017 
Dishwasher, 0.0871 -0.2156 -0.2183 0.0568 0.1717 0.1485 -0.1756 -0.2088 0.0326 -0.1136 0.0421 0.0320 -0.1166 -0.0759 0.1086 0.2313 0.0045 0.1140 0.0185 0.1217 -0.0596 -0.0575 -0.0097 0.2181 0.0258 -0.0609 -0.2600 0.0015 0.0965 -0.1544 0.3136 0.0865 0.1085 -0.0960 -0.1789 0.0306 0.0222 -0.0758 -0.0340 0.2181 -0.0558 0.1352 -0.1145 -0.1013 -0.2457 0.2559 -0.0984 -0.2745 0.0262 -0.0933 
Washingmachine, -0.0268 -0.2724 -0.2263 0.1128 0.1097 0.2192 -0.2090 -0.2412 0.0943 -0.0020 0.0692 0.0196 -0.0923 0.0325 0.2442 0.0318 0.0824 0.0032 -0.0138 0.0636 -0.1892 -0.1364 0.0318 0.1267 0.0033 0.0332 -0.1507 0.0233 0.1775 -0.0523 0.2802 0.1320 0.0126 -0.1404 0.0464 -0.1459 0.0478 -0.1193 -0.1621 0.1624 -0.0446 0.1914 -0.0119 -0.1667 -0.2789 0.2397 -0.1294 -0.1218 -0.1398 -0.1116 
