HallBathroomDoor, 0.1847 -0.2222 -0.0067 0.1309 0.2802 -0.0082 -0.0438 0.0881 -0.0243 -0.0311 0.0877 0.1238 -0.2073 0.0821 0.1534 0.0978 0.0927 0.1920 0.0426 -0.0620 0.1534 -0.1762 -0.0392 -0.1447 -0.1394 0.0302 0.1665 0.1422 -0.1023 0.0268 -0.1479 0.1606 0.1668 -0.1659 -0.2739 -0.1024 -0.1517 0.0192 0.0773 -0.2570 0.0006 -0.2082 0.2035 0.0708 0.1018 0.0125 -0.1065 0.2296 0.1465 0.1164 
HallToiletDoor, 0.1972 -0.2246 -0.0102 0.1203 0.2857 0.0078 -0.0554 0.1129 -0.0389 -0.0428 0.0985 0.1339 -0.2098 0.0866 0.1521 0.1125 0.0769 0.1909 0.0584 -0.0708 0.1652 -0.1712 -0.0379 -0.1236 -0.1240 0.0185 0.1680 0.1142 -0.1214 0.0146 -0.1444 0.1672 0.1709 -0.1528 -0.2834 -0.0897 -0.1282 0.0303 0.0899 -0.2543 -0.0203 -0.1978 0.1988 0.0578 0.1003 0.0137 -0.1180 0.2049 0.1530 0.1270 
Fridge, 0.1925 -0.2076 -0.0111 0.1242 0.2697 -0.0081 -0.0394 0.0996 -0.0364 -0.0409 0.0966 0.1344 -0.2133 0.0929 0.1507 0.1178 0.0733 0.1761 0.0515 -0.0773 0.1549 -0.1884 -0.0525 -0.1511 -0.1681 0.0281 0.1744 0.1478 -0.1029 0.0265 -0.1317 0.1548 0.1630 -0.1505 -0.2801 -0.1003 -0.1360 0.0128 0.0703 -0.2380 -0.0232 -0.1972 0.1965 0.0629 0.1135 0.0320 -0.0910 0.2501 0.1373 0.1005 
ToiletFlush, 0.1955 -0.2245 -0.0210 0.1257 0.2830 0.0034 -0.0386 0.0933 -0.0402 -0.0238 0.0778 0.1285 -0.2121 0.0719 0.1453 0.1101 0.0842 0.1818 0.0302 -0.0568 0.1655 -0.1764 -0.0447 -0.1331 -0.1316 0.0266 0.1544 0.1357 -0.1082 0.0378 -0.1425 0.1595 0.1527 -0.1638 -0.2850 -0.1049 -0.1500 0.0260 0.0692 -0.2637 -0.0158 -0.2083 0.2082 0.0726 0.1029 0.0015 -0.1247 0.2217 0.1512 0.1214 
HallBedroomDoor, 0.2009 -0.2251 -0.0247 0.1297 0.2779 0.0020 -0.0389 0.0840 -0.0472 -0.0230 0.0719 0.1244 -0.2178 0.0926 0.1562 0.0904 0.0949 0.1791 0.0384 -0.0735 0.1531 -0.1850 -0.0503 -0.1434 -0.1489 0.0288 0.1614 0.1507 -0.1115 0.0337 -0.1479 0.1701 0.1665 -0.1590 -0.2810 -0.0945 -0.1385 0.0146 0.0543 -0.2436 -0.0143 -0.2073 0.1931 0.0658 0.1174 0.0163 -0.1304 0.2162 0.1444 0.1132 
Frontdoor, 0.1908 -0.2180 0.0018 0.1380 0.2848 -0.0023 -0.0501 0.1024 -0.0264 -0.0471 0.0805 0.1157 -0.2068 0.0852 0.1630 0.1062 0.0856 0.1842 0.0531 -0.0609 0.1630 -0.1880 -0.0448 -0.1416 -0.1409 0.0380 0.1812 0.1269 -0.1113 0.0222 -0.1485 0.1481 0.1703 -0.1614 -0.2682 -0.0969 -0.1479 0.0287 0.0854 -0.2543 -0.0040 -0.2082 0.1930 0.0758 0.0959 0.0164 -0.1054 0.2190 0.1309 0.1075 
GroceriesCupboard, 0.1784 -0.1826 -0.0389 0.1298 0.2744 -0.0073 -0.0107 0.1055 -0.0667 -0.0459 0.1223 0.1237 -0.1968 0.0805 0.1533 0.1062 0.0854 0.1742 0.0225 -0.0852 0.1679 -0.1545 -0.0480 -0.1325 -0.1437 0.0135 0.1806 0.1468 -0.1015 0.0296 -0.1507 0.1795 0.1528 -0.1534 -0.2618 -0.1131 -0.1267 0.0456 0.0711 -0.2498 -0.0303 -0.2001 0.2219 0.0433 0.1316 0.0010 -0.0769 0.2516 0.1439 0.1181 
PlatesCupboard, 0.1904 -0.2230 -0.0059 0.1243 0.2568 -0.0241 -0.0298 0.0985 -0.0497 -0.0193 0.1051 0.1197 -0.2038 0.0971 0.1653 0.1014 0.0813 0.1719 0.0569 -0.0679 0.1560 -0.1937 -0.0608 -0.1514 -0.1601 0.0192 0.1535 0.1302 -0.0889 0.0367 -0.1264 0.1728 0.1602 -0.1564 -0.2895 -0.1127 -0.1335 0.0193 0.0722 -0.2415 0.0014 -0.1923 0.2190 0.0696 0.1093 0.0097 -0.1105 0.2345 0.1354 0.1163 
PansCupboard, 0.2140 -0.1873 -0.0070 0.1071 0.2524 -0.0096 -0.0398 0.0746 -0.0527 -0.0361 0.1218 0.1197 -0.2061 0.1093 0.1661 0.0977 0.0977 0.1925 0.0474 -0.0714 0.1761 -0.1767 -0.0689 -0.1304 -0.1729 0.0356 0.1652 0.1542 -0.0900 0.0506 -0.1381 0.1771 0.1626 -0.1386 -0.2905 -0.1072 -0.1451 0.0324 0.0584 -0.2429 -0.0022 -0.1686 0.2136 0.0626 0.0972 0.0336 -0.1163 0.2209 0.1455 0.1000 
CupsCupboard, 0.2159 -0.1899 -0.0057 0.1422 0.2695 -0.0088 -0.0404 0.0992 -0.0464 -0.0144 0.1260 0.1377 -0.2046 0.0750 0.1684 0.1069 0.1006 0.1590 0.0330 -0.0873 0.1798 -0.1895 -0.0692 -0.1319 -0.1736 0.0336 0.1528 0.1369 -0.0987 0.0280 -0.1374 0.1645 0.1551 -0.1486 -0.2622 -0.1228 -0.1269 0.0317 0.0678 -0.2223 -0.0230 -0.1977 0.2062 0.0437 0.1225 0.0292 -0.1074 0.2539 0.1255 0.1036 
Freezer, 0.2161 -0.2118 -0.0313 0.1365 0.2482 -0.0177 -0.0269 0.0832 -0.0632 -0.0267 0.1313 0.1223 -0.2054 0.0971 0.1575 0.1186 0.0757 0.1742 0.0416 -0.0703 0.1748 -0.1906 -0.0695 -0.1554 -0.1660 0.0498 0.1744 0.1463 -0.0765 0.0500 -0.1201 0.1532 0.1411 -0.1494 -0.2849 -0.1170 -0.1218 0.0345 0.0525 -0.2209 -0.0041 -0.1763 0.2142 0.0505 0.1235 0.0312 -0.0836 0.2624 0.1302 0.1068 
Microwave, 0.2231 -0.2064 -0.0270 0.1411 0.2489 -0.0133 -0.0043 0.0902 -0.0472 -0.0219 0.1072 0.1533 -0.2043 0.0709 0.1295 0.0910 0.0564 0.1586 0.0618 -0.0834 0.1695 -0.1625 -0.0651 -0.1478 -0.1705 0.0243 0.1780 0.1264 -0.0684 0.0249 -0.1606 0.1450 0.1332 -0.1310 -0.2637 -0.1259 -0.1419 0.0229 0.0767 -0.2582 -0.0265 -0.1912 0.2253 0.0827 0.0909 0.0161 -0.1128 0.2467 0.1379 0.1368 
Dishwasher, 0.1953 -0.2225 -0.0411 0.1230 0.2646 -0.0143 -0.0110 0.0852 -0.0332 -0.0124 0.0874 0.1321 -0.2176 0.1001 0.1288 0.1070 0.1033 0.1981 0.0394 -0.0573 0.1352 -0.1944 -0.0449 -0.1503 -0.1792 0.0361 0.1460 0.1409 -0.0775 0.0314 -0.1449 0.1749 0.1592 -0.1624 -0.2960 -0.0840 -0.1520 0.0253 0.0558 -0.2017 0.0166 -0.1551 0.2264 0.0572 0.1228 0.0301 -0.0990 0.2603 0.1308 0.0824 
Washingmachine, 0.2244 -0.1578 -0.0306 0.1441 0.2266 -0.0060 -0.0383 0.1292 -0.0711 -0.0225 0.1023 0.1557 -0.2114 0.1265 0.1876 0.1383 0.1320 0.1555 0.0387 -0.0677 0.1825 -0.1784 -0.0237 -0.1225 -0.1542 0.0470 0.1656 0.1319 -0.0819 -0.0158 -0.0930 0.1781 0.1800 -0.1250 -0.2995 -0.1323 -0.1445 0.0583 0.0670 -0.2870 -0.0085 -0.1422 0.1700 0.1049 0.1116 0.0155 -0.0635 0.2665 0.1135 0.0659 
