HallBathroomDoor, 0.1879 -0.2265 -0.0218 0.1227 0.2790 -0.0044 -0.0361 0.0820 -0.0335 -0.0156 0.0859 0.1324 -0.2109 0.0732 0.1416 0.1005 0.0918 0.1904 0.0274 -0.0593 0.1551 -0.1685 -0.0392 -0.1390 -0.1332 0.0226 0.1486 0.1480 -0.1002 0.0372 -0.1439 0.1682 0.1551 -0.1674 -0.2851 -0.1077 -0.1531 0.0173 0.0665 -0.2632 -0.0073 -0.2083 0.2136 0.0687 0.1065 0.0026 -0.1193 0.2314 0.1601 0.1256 
HallToiletDoor, 0.1958 -0.2289 -0.0220 0.1127 0.2828 0.0067 -0.0483 0.1026 -0.0424 -0.0271 0.1012 0.1422 -0.2118 0.0807 0.1415 0.1096 0.0801 0.1940 0.0455 -0.0700 0.1612 -0.1614 -0.0351 -0.1223 -0.1202 0.0108 0.1517 0.1247 -0.1158 0.0221 -0.1421 0.1773 0.1633 -0.1558 -0.2919 -0.0951 -0.1308 0.0246 0.0805 -0.2587 -0.0219 -0.1978 0.2091 0.0543 0.1056 0.0067 -0.1249 0.2111 0.1676 0.1360 
Fridge, 0.1667 -0.1800 -0.0081 0.1099 0.2885 0.0015 -0.0329 0.1116 -0.0353 -0.0568 0.0875 0.1345 -0.2078 0.0859 0.1508 0.1025 0.0871 0.1821 0.0407 -0.0876 0.1507 -0.1597 -0.0379 -0.1274 -0.1555 -0.0009 0.1754 0.1508 -0.1240 0.0131 -0.1581 0.1803 0.1780 -0.1496 -0.2665 -0.0945 -0.1471 0.0195 0.0847 -0.2646 -0.0401 -0.2104 0.2015 0.0621 0.1102 0.0127 -0.0974 0.2291 0.1516 0.1058 
ToiletFlush, 0.1970 -0.2267 -0.0285 0.1216 0.2824 0.0053 -0.0347 0.0902 -0.0448 -0.0161 0.0769 0.1327 -0.2139 0.0675 0.1394 0.1115 0.0837 0.1810 0.0226 -0.0554 0.1663 -0.1726 -0.0447 -0.1303 -0.1284 0.0228 0.1454 0.1386 -0.1071 0.0431 -0.1405 0.1633 0.1469 -0.1646 -0.2906 -0.1075 -0.1507 0.0251 0.0638 -0.2668 -0.0198 -0.2083 0.2132 0.0716 0.1052 -0.0035 -0.1312 0.2226 0.1580 0.1260 
HallBedroomDoor, 0.2064 -0.2257 -0.0284 0.1337 0.2729 0.0005 -0.0392 0.0747 -0.0542 -0.0222 0.0660 0.1204 -0.2235 0.1133 0.1671 0.0706 0.1055 0.1764 0.0467 -0.0902 0.1406 -0.1937 -0.0558 -0.1536 -0.1663 0.0309 0.1685 0.1658 -0.1148 0.0296 -0.1533 0.1806 0.1802 -0.1543 -0.2770 -0.0842 -0.1271 0.0032 0.0394 -0.2236 -0.0128 -0.2064 0.1780 0.0591 0.1320 0.0312 -0.1360 0.2107 0.1375 0.1050 
Frontdoor, 0.1890 -0.2283 0.0147 0.1517 0.2998 0.0036 -0.0609 0.1052 -0.0163 -0.0534 0.0645 0.0969 -0.2004 0.0774 0.1752 0.0946 0.0978 0.1923 0.0546 -0.0445 0.1712 -0.1877 -0.0371 -0.1321 -0.1136 0.0479 0.1879 0.1061 -0.1198 0.0179 -0.1654 0.1414 0.1776 -0.1723 -0.2563 -0.0935 -0.1598 0.0447 0.1004 -0.2707 0.0153 -0.2193 0.1896 0.0887 0.0783 0.0009 -0.1198 0.1880 0.1245 0.1146 
GroceriesCupboard, 0.1645 -0.1565 -0.0253 0.1080 0.2858 0.0015 -0.0139 0.1072 -0.0609 -0.0586 0.1130 0.1224 -0.1945 0.0831 0.1576 0.0881 0.1033 0.1864 0.0200 -0.0909 0.1665 -0.1332 -0.0404 -0.1081 -0.1408 -0.0081 0.1764 0.1523 -0.1188 0.0231 -0.1729 0.2042 0.1711 -0.1475 -0.2578 -0.1053 -0.1438 0.0479 0.0813 -0.2741 -0.0378 -0.2028 0.2241 0.0489 0.1168 -0.0074 -0.0964 0.2204 0.1587 0.1174 
PlatesCupboard, 0.1646 -0.1954 -0.0029 0.1100 0.2756 -0.0145 -0.0233 0.1105 -0.0485 -0.0352 0.0960 0.1198 -0.1983 0.0901 0.1654 0.0861 0.0951 0.1779 0.0460 -0.0782 0.1519 -0.1651 -0.0462 -0.1278 -0.1475 -0.0097 0.1546 0.1333 -0.1100 0.0233 -0.1528 0.1984 0.1752 -0.1554 -0.2759 -0.1069 -0.1446 0.0260 0.0866 -0.2681 -0.0154 -0.2055 0.2239 0.0688 0.1059 -0.0096 -0.1169 0.2135 0.1497 0.1216 
PansCupboard, 0.1882 -0.1597 -0.0040 0.0928 0.2712 -0.0000 -0.0333 0.0866 -0.0515 -0.0520 0.1127 0.1197 -0.2006 0.1023 0.1661 0.0824 0.1115 0.1986 0.0366 -0.0817 0.1720 -0.1480 -0.0544 -0.1068 -0.1603 0.0067 0.1662 0.1572 -0.1111 0.0371 -0.1645 0.2026 0.1776 -0.1377 -0.2769 -0.1014 -0.1561 0.0391 0.0728 -0.2695 -0.0190 -0.1818 0.2185 0.0618 0.0938 0.0143 -0.1227 0.1999 0.1598 0.1053 
CupsCupboard, 0.1913 -0.1740 0.0059 0.1290 0.2896 0.0008 -0.0435 0.1135 -0.0324 -0.0295 0.1041 0.1438 -0.2058 0.0693 0.1650 0.0988 0.1063 0.1630 0.0325 -0.0959 0.1678 -0.1741 -0.0534 -0.1179 -0.1683 0.0083 0.1533 0.1392 -0.1224 0.0096 -0.1564 0.1781 0.1735 -0.1487 -0.2530 -0.1116 -0.1396 0.0242 0.0839 -0.2441 -0.0410 -0.2147 0.1998 0.0495 0.1159 0.0200 -0.1143 0.2373 0.1362 0.1031 
Freezer, 0.1904 -0.1951 -0.0411 0.1193 0.2564 -0.0125 -0.0136 0.0872 -0.0705 -0.0488 0.1248 0.1147 -0.2003 0.1012 0.1521 0.1092 0.0770 0.1879 0.0351 -0.0721 0.1681 -0.1624 -0.0552 -0.1435 -0.1496 0.0290 0.1862 0.1540 -0.0866 0.0475 -0.1379 0.1730 0.1491 -0.1489 -0.2827 -0.1082 -0.1302 0.0426 0.0592 -0.2468 -0.0115 -0.1789 0.2231 0.0531 0.1206 0.0129 -0.0781 0.2456 0.1468 0.1137 
Microwave, 0.2301 -0.2009 -0.0227 0.1456 0.2497 -0.0090 0.0182 0.0972 -0.0312 -0.0170 0.0832 0.1844 -0.2032 0.0447 0.1014 0.0633 0.0371 0.1430 0.0819 -0.0965 0.1642 -0.1345 -0.0606 -0.1402 -0.1750 -0.0012 0.1815 0.1064 -0.0602 -0.0002 -0.2011 0.1368 0.1254 -0.1127 -0.2424 -0.1348 -0.1620 0.0114 0.1009 -0.2955 -0.0489 -0.2060 0.2363 0.1150 0.0583 0.0011 -0.1420 0.2310 0.1457 0.1668 
Dishwasher, 0.1746 -0.2332 -0.0509 0.1095 0.2809 -0.0108 0.0049 0.0871 -0.0033 0.0018 0.0436 0.1420 -0.2297 0.1032 0.1001 0.0954 0.1309 0.2219 0.0373 -0.0443 0.0957 -0.1983 -0.0202 -0.1452 -0.1925 0.0224 0.1175 0.1355 -0.0785 0.0128 -0.1697 0.1967 0.1773 -0.1753 -0.3072 -0.0510 -0.1823 0.0161 0.0591 -0.1826 0.0372 -0.1339 0.2387 0.0638 0.1222 0.0291 -0.1143 0.2583 0.1313 0.0580 
Washingmachine, 0.2244 -0.1578 -0.0306 0.1441 0.2266 -0.0060 -0.0383 0.1292 -0.0711 -0.0225 0.1023 0.1557 -0.2114 0.1265 0.1876 0.1383 0.1320 0.1555 0.0387 -0.0677 0.1825 -0.1784 -0.0237 -0.1225 -0.1542 0.0470 0.1656 0.1319 -0.0819 -0.0158 -0.0930 0.1781 0.1800 -0.1250 -0.2995 -0.1323 -0.1445 0.0583 0.0670 -0.2870 -0.0085 -0.1422 0.1700 0.1049 0.1116 0.0155 -0.0635 0.2665 0.1135 0.0659 
