HallBathroomDoor, 0.1813 -0.2249 -0.0094 0.1284 0.2821 -0.0080 -0.0406 0.0877 -0.0200 -0.0293 0.0807 0.1248 -0.2094 0.0835 0.1482 0.0964 0.0963 0.1966 0.0426 -0.0591 0.1466 -0.1769 -0.0351 -0.1448 -0.1413 0.0286 0.1626 0.1417 -0.1016 0.0246 -0.1513 0.1638 0.1693 -0.1681 -0.2768 -0.0967 -0.1566 0.0177 0.0772 -0.2538 0.0049 -0.2038 0.2059 0.0722 0.1018 0.0125 -0.1080 0.2296 0.1468 0.1125 
HallToiletDoor, 0.2045 -0.2298 -0.0266 0.1086 0.2863 0.0170 -0.0515 0.1151 -0.0530 -0.0312 0.1003 0.1458 -0.2141 0.0793 0.1399 0.1200 0.0707 0.1889 0.0484 -0.0710 0.1708 -0.1618 -0.0374 -0.1109 -0.1127 0.0070 0.1506 0.1106 -0.1256 0.0209 -0.1393 0.1770 0.1606 -0.1500 -0.2978 -0.0908 -0.1217 0.0321 0.0833 -0.2595 -0.0352 -0.1943 0.2073 0.0514 0.1044 0.0040 -0.1347 0.1984 0.1687 0.1398 
Fridge, 0.1787 -0.2184 -0.0219 0.1143 0.2771 -0.0073 -0.0266 0.0982 -0.0193 -0.0334 0.0682 0.1384 -0.2215 0.0986 0.1298 0.1120 0.0875 0.1945 0.0515 -0.0658 0.1277 -0.1911 -0.0361 -0.1516 -0.1757 0.0216 0.1590 0.1458 -0.0999 0.0177 -0.1453 0.1674 0.1727 -0.1593 -0.2913 -0.0773 -0.1554 0.0071 0.0700 -0.2250 -0.0063 -0.1795 0.2060 0.0684 0.1133 0.0317 -0.0973 0.2501 0.1385 0.0848 
ToiletFlush, 0.2053 -0.2283 -0.0309 0.1145 0.2860 0.0160 -0.0424 0.1068 -0.0546 -0.0239 0.0841 0.1394 -0.2155 0.0706 0.1386 0.1212 0.0732 0.1802 0.0331 -0.0613 0.1742 -0.1692 -0.0439 -0.1162 -0.1182 0.0150 0.1464 0.1199 -0.1198 0.0349 -0.1383 0.1677 0.1496 -0.1559 -0.2969 -0.0991 -0.1350 0.0325 0.0722 -0.2649 -0.0337 -0.2013 0.2101 0.0629 0.1041 -0.0028 -0.1388 0.2061 0.1623 0.1331 
HallBedroomDoor, 0.2059 -0.2270 -0.0297 0.1241 0.2794 0.0083 -0.0408 0.0907 -0.0544 -0.0230 0.0750 0.1299 -0.2195 0.0919 0.1528 0.0959 0.0894 0.1783 0.0399 -0.0757 0.1574 -0.1814 -0.0498 -0.1349 -0.1422 0.0230 0.1574 0.1428 -0.1173 0.0322 -0.1458 0.1742 0.1649 -0.1551 -0.2870 -0.0917 -0.1310 0.0179 0.0558 -0.2442 -0.0233 -0.2039 0.1940 0.0610 0.1181 0.0142 -0.1374 0.2084 0.1499 0.1190 
Frontdoor, 0.1839 -0.2233 -0.0036 0.1330 0.2885 -0.0019 -0.0437 0.1017 -0.0178 -0.0434 0.0664 0.1177 -0.2110 0.0880 0.1525 0.1033 0.0927 0.1934 0.0531 -0.0551 0.1494 -0.1894 -0.0366 -0.1418 -0.1447 0.0348 0.1735 0.1259 -0.1098 0.0178 -0.1554 0.1544 0.1751 -0.1658 -0.2738 -0.0854 -0.1576 0.0259 0.0852 -0.2478 0.0045 -0.1994 0.1978 0.0786 0.0958 0.0163 -0.1086 0.2191 0.1315 0.0997 
GroceriesCupboard, 0.1646 -0.1934 -0.0497 0.1199 0.2817 -0.0065 0.0022 0.1042 -0.0496 -0.0385 0.0940 0.1277 -0.2051 0.0862 0.1324 0.1004 0.0996 0.1926 0.0225 -0.0737 0.1407 -0.1573 -0.0316 -0.1330 -0.1512 0.0070 0.1652 0.1448 -0.0985 0.0208 -0.1643 0.1921 0.1626 -0.1622 -0.2730 -0.0902 -0.1460 0.0399 0.0708 -0.2368 -0.0134 -0.1823 0.2314 0.0488 0.1313 0.0007 -0.0832 0.2517 0.1451 0.1024 
PlatesCupboard, 0.1766 -0.2338 -0.0167 0.1143 0.2642 -0.0233 -0.0169 0.0971 -0.0325 -0.0118 0.0768 0.1237 -0.2121 0.1028 0.1444 0.0956 0.0956 0.1903 0.0568 -0.0564 0.1289 -0.1965 -0.0444 -0.1519 -0.1677 0.0128 0.1382 0.1282 -0.0858 0.0279 -0.1400 0.1855 0.1699 -0.1652 -0.3007 -0.0898 -0.1528 0.0136 0.0719 -0.2285 0.0183 -0.1745 0.2285 0.0752 0.1090 0.0093 -0.1168 0.2345 0.1366 0.1006 
PansCupboard, 0.2002 -0.1981 -0.0178 0.0971 0.2597 -0.0088 -0.0269 0.0732 -0.0355 -0.0286 0.0935 0.1237 -0.2143 0.1150 0.1451 0.0919 0.1120 0.2110 0.0474 -0.0599 0.1489 -0.1794 -0.0525 -0.1309 -0.1804 0.0292 0.1498 0.1522 -0.0869 0.0418 -0.1518 0.1897 0.1723 -0.1474 -0.3017 -0.0843 -0.1644 0.0267 0.0581 -0.2299 0.0148 -0.1509 0.2230 0.0682 0.0969 0.0332 -0.1225 0.2209 0.1467 0.0843 
CupsCupboard, 0.2021 -0.2007 -0.0165 0.1323 0.2768 -0.0080 -0.0276 0.0979 -0.0292 -0.0069 0.0976 0.1417 -0.2128 0.0807 0.1475 0.1011 0.1149 0.1774 0.0330 -0.0758 0.1526 -0.1923 -0.0528 -0.1324 -0.1811 0.0272 0.1375 0.1349 -0.0957 0.0193 -0.1511 0.1772 0.1648 -0.1574 -0.2734 -0.0999 -0.1462 0.0260 0.0675 -0.2093 -0.0061 -0.1800 0.2157 0.0493 0.1222 0.0288 -0.1137 0.2540 0.1266 0.0879 
Freezer, 0.2023 -0.2335 -0.0549 0.1237 0.2449 -0.0213 -0.0072 0.0738 -0.0545 -0.0254 0.1056 0.1186 -0.2140 0.1139 0.1311 0.1187 0.0775 0.2003 0.0459 -0.0503 0.1451 -0.1938 -0.0533 -0.1677 -0.1698 0.0515 0.1698 0.1489 -0.0624 0.0522 -0.1251 0.1601 0.1438 -0.1586 -0.3075 -0.0911 -0.1385 0.0302 0.0445 -0.2072 0.0223 -0.1479 0.2277 0.0595 0.1237 0.0318 -0.0780 0.2667 0.1337 0.0927 
Microwave, 0.2093 -0.2171 -0.0378 0.1311 0.2563 -0.0125 0.0085 0.0888 -0.0300 -0.0144 0.0789 0.1573 -0.2126 0.0766 0.1085 0.0852 0.0706 0.1771 0.0617 -0.0719 0.1423 -0.1653 -0.0487 -0.1484 -0.1781 0.0179 0.1626 0.1243 -0.0653 0.0162 -0.1742 0.1576 0.1430 -0.1398 -0.2749 -0.1029 -0.1612 0.0172 0.0763 -0.2452 -0.0096 -0.1735 0.2347 0.0883 0.0906 0.0158 -0.1191 0.2467 0.1391 0.1211 
Dishwasher, 0.1885 -0.2334 -0.0529 0.1166 0.2629 -0.0161 -0.0012 0.0805 -0.0289 -0.0118 0.0746 0.1303 -0.2219 0.1085 0.1156 0.1070 0.1042 0.2111 0.0416 -0.0473 0.1204 -0.1961 -0.0368 -0.1565 -0.1811 0.0369 0.1437 0.1422 -0.0705 0.0325 -0.1474 0.1784 0.1606 -0.1670 -0.3073 -0.0711 -0.1604 0.0231 0.0518 -0.1949 0.0298 -0.1409 0.2332 0.0617 0.1229 0.0305 -0.0962 0.2625 0.1325 0.0754 
Washingmachine, 0.2244 -0.1578 -0.0306 0.1441 0.2266 -0.0060 -0.0383 0.1292 -0.0711 -0.0225 0.1023 0.1557 -0.2114 0.1265 0.1876 0.1383 0.1320 0.1555 0.0387 -0.0677 0.1825 -0.1784 -0.0237 -0.1225 -0.1542 0.0470 0.1656 0.1319 -0.0819 -0.0158 -0.0930 0.1781 0.1800 -0.1250 -0.2995 -0.1323 -0.1445 0.0583 0.0670 -0.2870 -0.0085 -0.1422 0.1700 0.1049 0.1116 0.0155 -0.0635 0.2665 0.1135 0.0659 
