HallBathroomDoor, -0.0359 -0.2198 -0.1707 0.1036 0.0784 0.1938 -0.1568 -0.1917 0.0917 0.0867 0.0448 -0.0165 -0.0299 0.0611 0.2453 -0.0307 0.1047 -0.0225 -0.0369 -0.0148 -0.2343 -0.1527 0.0439 0.0940 -0.0237 0.0789 -0.0686 0.0430 0.1445 -0.0024 0.1851 0.1104 -0.0144 -0.1246 0.1316 -0.2185 0.0871 -0.1335 -0.1714 0.0955 -0.0372 0.1669 0.0401 -0.1455 -0.2512 0.1669 -0.1021 -0.0560 -0.2088 -0.0668 
HallToiletDoor, -0.0145 -0.2288 -0.1828 0.1042 0.0905 0.1961 -0.1619 -0.1969 0.0923 0.0883 0.0444 -0.0179 -0.0341 0.0516 0.2419 -0.0050 0.1009 -0.0043 -0.0355 -0.0124 -0.2380 -0.1593 0.0354 0.1153 -0.0265 0.0719 -0.0843 0.0429 0.1391 -0.0182 0.2046 0.1108 -0.0030 -0.1300 0.1141 -0.2092 0.1007 -0.1385 -0.1652 0.1066 -0.0382 0.1707 0.0297 -0.1456 -0.2671 0.1834 -0.1021 -0.0847 -0.2011 -0.0652 
Fridge, 0.0807 -0.2300 -0.2243 0.0635 0.1719 0.1684 -0.1831 -0.2117 0.0469 -0.0665 0.0387 0.0117 -0.1008 -0.0495 0.1376 0.2032 0.0313 0.0941 0.0031 0.0852 -0.1212 -0.0846 -0.0051 0.2233 0.0109 -0.0303 -0.2368 0.0173 0.1120 -0.1333 0.3151 0.0928 0.0963 -0.1081 -0.1270 -0.0310 0.0601 -0.1092 -0.0598 0.2044 -0.0529 0.1564 -0.0882 -0.1229 -0.2692 0.2615 -0.1081 -0.2529 -0.0278 -0.0830 
ToiletFlush, -0.0433 -0.2324 -0.1768 0.1101 0.0805 0.2035 -0.1621 -0.1979 0.1008 0.0986 0.0443 -0.0138 -0.0324 0.0636 0.2595 -0.0385 0.1151 -0.0215 -0.0379 -0.0158 -0.2490 -0.1639 0.0479 0.0930 -0.0262 0.0846 -0.0675 0.0479 0.1466 0.0047 0.1897 0.1177 -0.0162 -0.1332 0.1457 -0.2340 0.0934 -0.1378 -0.1851 0.0973 -0.0409 0.1764 0.0426 -0.1489 -0.2644 0.1769 -0.1018 -0.0587 -0.2256 -0.0650 
HallBedroomDoor, -0.0600 -0.2234 -0.1636 0.1106 0.0640 0.2047 -0.1538 -0.1929 0.1059 0.1222 0.0463 -0.0223 -0.0182 0.0813 0.2723 -0.0739 0.1271 -0.0415 -0.0452 -0.0352 -0.2623 -0.1714 0.0507 0.0727 -0.0342 0.0974 -0.0388 0.0517 0.1494 0.0234 0.1613 0.1170 -0.0323 -0.1348 0.1801 -0.2603 0.0980 -0.1415 -0.1969 0.0767 -0.0337 0.1719 0.0609 -0.1508 -0.2570 0.1596 -0.1017 -0.0228 -0.2488 -0.0632 
Frontdoor, 0.0244 -0.2332 -0.2033 0.0884 0.1243 0.1855 -0.1709 -0.2039 0.0741 0.0312 0.0396 -0.0038 -0.0614 0.0129 0.2044 0.0800 0.0779 0.0340 -0.0193 0.0247 -0.1984 -0.1328 0.0197 0.1622 -0.0120 0.0351 -0.1466 0.0359 0.1297 -0.0636 0.2524 0.1013 0.0398 -0.1228 0.0219 -0.1436 0.0890 -0.1324 -0.1284 0.1477 -0.0455 0.1676 -0.0178 -0.1404 -0.2754 0.2171 -0.1040 -0.1548 -0.1394 -0.0692 
GroceriesCupboard, 0.0656 -0.2408 -0.2230 0.0781 0.1665 0.1771 -0.1825 -0.2197 0.0551 -0.0586 0.0498 0.0176 -0.1005 -0.0354 0.1624 0.1795 0.0377 0.0818 0.0004 0.0879 -0.1250 -0.1007 0.0052 0.2157 0.0059 -0.0295 -0.2307 0.0154 0.1123 -0.1176 0.3133 0.1059 0.0783 -0.1203 -0.1021 -0.0426 0.0552 -0.1062 -0.0844 0.2034 -0.0523 0.1610 -0.0816 -0.1279 -0.2771 0.2599 -0.1073 -0.2388 -0.0442 -0.0935 
PlatesCupboard, 0.0712 -0.2385 -0.2265 0.0720 0.1605 0.1718 -0.1887 -0.2213 0.0523 -0.0695 0.0445 0.0165 -0.1043 -0.0408 0.1569 0.1814 0.0382 0.0822 0.0028 0.0930 -0.1234 -0.0907 -0.0014 0.2093 0.0059 -0.0281 -0.2324 0.0104 0.1185 -0.1213 0.3155 0.1059 0.0808 -0.1136 -0.1067 -0.0385 0.0465 -0.1084 -0.0780 0.2062 -0.0536 0.1645 -0.0863 -0.1231 -0.2756 0.2625 -0.1116 -0.2379 -0.0401 -0.0927 
PansCupboard, 0.1099 -0.1699 -0.1863 0.0318 0.1663 0.1079 -0.1407 -0.1714 0.0151 -0.1324 0.0327 0.0274 -0.1083 -0.0871 0.0573 0.2502 -0.0159 0.1207 0.0246 0.1198 -0.0220 -0.0289 -0.0205 0.2201 0.0262 -0.0807 -0.2548 -0.0059 0.0623 -0.1563 0.2897 0.0685 0.1151 -0.0716 -0.2114 0.0726 0.0149 -0.0601 -0.0011 0.2043 -0.0477 0.1070 -0.1277 -0.0795 -0.2052 0.2284 -0.0802 -0.2717 0.0698 -0.0750 
CupsCupboard, 0.0898 -0.2224 -0.2175 0.0606 0.1714 0.1514 -0.1761 -0.2088 0.0438 -0.0919 0.0427 0.0182 -0.1050 -0.0618 0.1252 0.2159 0.0212 0.1007 0.0121 0.0975 -0.0959 -0.0714 -0.0070 0.2221 0.0118 -0.0453 -0.2488 0.0055 0.1011 -0.1408 0.3156 0.0941 0.1015 -0.1041 -0.1520 -0.0022 0.0451 -0.0972 -0.0469 0.2092 -0.0496 0.1497 -0.1000 -0.1082 -0.2608 0.2582 -0.1032 -0.2587 -0.0018 -0.0888 
Freezer, 0.0769 -0.2337 -0.2241 0.0668 0.1646 0.1698 -0.1817 -0.2145 0.0551 -0.0658 0.0428 0.0136 -0.1037 -0.0475 0.1440 0.1968 0.0352 0.0893 0.0063 0.0846 -0.1200 -0.0925 -0.0021 0.2195 0.0084 -0.0323 -0.2358 0.0113 0.1100 -0.1268 0.3095 0.1024 0.0913 -0.1145 -0.1148 -0.0323 0.0574 -0.1101 -0.0681 0.2022 -0.0548 0.1598 -0.0853 -0.1199 -0.2705 0.2637 -0.1084 -0.2434 -0.0309 -0.0885 
Microwave, 0.0257 -0.2512 -0.2172 0.0934 0.1360 0.1930 -0.1925 -0.2252 0.0697 -0.0185 0.0520 0.0113 -0.0904 -0.0068 0.2012 0.1038 0.0685 0.0473 -0.0092 0.0600 -0.1694 -0.1186 0.0213 0.1692 -0.0032 0.0098 -0.1871 0.0202 0.1415 -0.0832 0.2850 0.1168 0.0443 -0.1289 -0.0220 -0.1072 0.0599 -0.1204 -0.1180 0.1779 -0.0528 0.1767 -0.0416 -0.1396 -0.2748 0.2405 -0.1169 -0.1796 -0.1009 -0.0951 
Dishwasher, 0.0820 -0.2247 -0.2212 0.0618 0.1682 0.1592 -0.1787 -0.2117 0.0439 -0.0897 0.0425 0.0228 -0.1102 -0.0617 0.1263 0.2141 0.0198 0.1017 0.0124 0.1032 -0.0898 -0.0750 -0.0059 0.2188 0.0171 -0.0466 -0.2479 0.0064 0.1032 -0.1406 0.3115 0.0944 0.0999 -0.1053 -0.1468 -0.0008 0.0398 -0.0930 -0.0510 0.2102 -0.0553 0.1475 -0.0999 -0.1106 -0.2581 0.2598 -0.1034 -0.2589 -0.0023 -0.0909 
Washingmachine, -0.0268 -0.2724 -0.2263 0.1128 0.1097 0.2192 -0.2090 -0.2412 0.0943 -0.0020 0.0692 0.0196 -0.0923 0.0325 0.2442 0.0318 0.0824 0.0032 -0.0138 0.0636 -0.1892 -0.1364 0.0318 0.1267 0.0033 0.0332 -0.1507 0.0233 0.1775 -0.0523 0.2802 0.1320 0.0126 -0.1404 0.0464 -0.1459 0.0478 -0.1193 -0.1621 0.1624 -0.0446 0.1914 -0.0119 -0.1667 -0.2789 0.2397 -0.1294 -0.1218 -0.1398 -0.1116 
