HallBathroomDoor, -0.0962 -0.2064 -0.1380 0.1188 0.0325 0.2022 -0.1426 -0.1794 0.1094 0.1423 0.0500 -0.0293 0.0015 0.1094 0.2863 -0.1415 0.1316 -0.0791 -0.0546 -0.0543 -0.2702 -0.1725 0.0680 0.0258 -0.0353 0.1226 0.0094 0.0501 0.1594 0.0588 0.1177 0.1196 -0.0685 -0.1264 0.2414 -0.2934 0.0852 -0.1347 -0.2144 0.0432 -0.0288 0.1661 0.0979 -0.1506 -0.2270 0.1167 -0.1002 0.0428 -0.2783 -0.0644 
HallToiletDoor, -0.0525 -0.2313 -0.1692 0.1189 0.0654 0.2088 -0.1577 -0.1946 0.1102 0.1338 0.0474 -0.0250 -0.0162 0.0822 0.2775 -0.0754 0.1245 -0.0352 -0.0475 -0.0386 -0.2730 -0.1822 0.0513 0.0763 -0.0369 0.1025 -0.0368 0.0510 0.1485 0.0221 0.1694 0.1220 -0.0366 -0.1387 0.1908 -0.2664 0.1081 -0.1438 -0.2010 0.0767 -0.0355 0.1779 0.0665 -0.1513 -0.2651 0.1622 -0.1006 -0.0302 -0.2559 -0.0619 
Fridge, 0.0858 -0.2210 -0.2214 0.0585 0.1755 0.1577 -0.1801 -0.2088 0.0357 -0.0904 0.0384 0.0209 -0.1073 -0.0637 0.1199 0.2205 0.0159 0.1064 0.0093 0.1038 -0.0910 -0.0671 -0.0089 0.2227 0.0196 -0.0446 -0.2489 0.0124 0.1052 -0.1471 0.3172 0.0849 0.1049 -0.0989 -0.1590 0.0004 0.0425 -0.0920 -0.0428 0.2124 -0.0534 0.1441 -0.1028 -0.1136 -0.2569 0.2576 -0.1032 -0.2685 0.0008 -0.0855 
ToiletFlush, -0.0516 -0.2382 -0.1761 0.1177 0.0740 0.2110 -0.1625 -0.1994 0.1100 0.1222 0.0456 -0.0180 -0.0255 0.0741 0.2756 -0.0609 0.1250 -0.0278 -0.0432 -0.0277 -0.2684 -0.1787 0.0517 0.0842 -0.0329 0.0964 -0.0516 0.0519 0.1486 0.0170 0.1819 0.1235 -0.0273 -0.1402 0.1752 -0.2580 0.1039 -0.1429 -0.1999 0.0879 -0.0400 0.1819 0.0558 -0.1519 -0.2714 0.1746 -0.1010 -0.0458 -0.2491 -0.0625 
HallBedroomDoor, -0.0767 -0.2143 -0.1504 0.1112 0.0475 0.2059 -0.1455 -0.1879 0.1111 0.1457 0.0484 -0.0309 -0.0040 0.0991 0.2851 -0.1093 0.1391 -0.0615 -0.0525 -0.0547 -0.2757 -0.1789 0.0535 0.0524 -0.0422 0.1103 -0.0100 0.0554 0.1522 0.0421 0.1329 0.1163 -0.0484 -0.1364 0.2145 -0.2865 0.1027 -0.1452 -0.2086 0.0560 -0.0264 0.1674 0.0793 -0.1527 -0.2495 0.1423 -0.1017 0.0132 -0.2720 -0.0614 
Frontdoor, -0.0319 -0.2364 -0.1823 0.1132 0.0767 0.2027 -0.1587 -0.1962 0.1013 0.1289 0.0405 -0.0193 -0.0219 0.0753 0.2711 -0.0432 0.1245 -0.0261 -0.0417 -0.0358 -0.2756 -0.1811 0.0445 0.1010 -0.0349 0.1005 -0.0565 0.0544 0.1474 0.0061 0.1896 0.1097 -0.0167 -0.1375 0.1708 -0.2561 0.1179 -0.1556 -0.1970 0.0909 -0.0381 0.1787 0.0527 -0.1579 -0.2816 0.1727 -0.0999 -0.0567 -0.2510 -0.0554 
GroceriesCupboard, 0.0707 -0.2317 -0.2200 0.0731 0.1701 0.1664 -0.1795 -0.2168 0.0439 -0.0825 0.0495 0.0268 -0.1070 -0.0496 0.1447 0.1968 0.0224 0.0941 0.0066 0.1065 -0.0948 -0.0833 0.0014 0.2150 0.0146 -0.0438 -0.2428 0.0105 0.1055 -0.1314 0.3154 0.0980 0.0869 -0.1110 -0.1341 -0.0112 0.0377 -0.0891 -0.0674 0.2114 -0.0527 0.1487 -0.0962 -0.1186 -0.2647 0.2560 -0.1023 -0.2543 -0.0156 -0.0960 
PlatesCupboard, 0.0764 -0.2295 -0.2236 0.0670 0.1640 0.1611 -0.1857 -0.2185 0.0411 -0.0934 0.0442 0.0257 -0.1108 -0.0551 0.1392 0.1987 0.0229 0.0946 0.0089 0.1115 -0.0931 -0.0732 -0.0052 0.2086 0.0146 -0.0424 -0.2445 0.0055 0.1118 -0.1351 0.3176 0.0979 0.0894 -0.1043 -0.1388 -0.0071 0.0290 -0.0913 -0.0609 0.2142 -0.0541 0.1523 -0.1009 -0.1138 -0.2633 0.2586 -0.1066 -0.2534 -0.0116 -0.0951 
PansCupboard, 0.1151 -0.1608 -0.1834 0.0268 0.1699 0.0973 -0.1377 -0.1685 0.0038 -0.1563 0.0324 0.0366 -0.1148 -0.1013 0.0396 0.2675 -0.0313 0.1330 0.0308 0.1384 0.0082 -0.0114 -0.0243 0.2194 0.0349 -0.0950 -0.2669 -0.0108 0.0555 -0.1701 0.2918 0.0606 0.1236 -0.0624 -0.2434 0.1040 -0.0027 -0.0430 0.0159 0.2123 -0.0482 0.0947 -0.1423 -0.0702 -0.1928 0.2245 -0.0752 -0.2872 0.0983 -0.0774 
CupsCupboard, 0.0950 -0.2133 -0.2146 0.0556 0.1750 0.1407 -0.1731 -0.2060 0.0325 -0.1158 0.0424 0.0273 -0.1115 -0.0760 0.1075 0.2332 0.0058 0.1130 0.0182 0.1161 -0.0657 -0.0539 -0.0108 0.2214 0.0205 -0.0596 -0.2609 0.0006 0.0944 -0.1546 0.3177 0.0862 0.1101 -0.0949 -0.1840 0.0292 0.0276 -0.0800 -0.0298 0.2171 -0.0501 0.1374 -0.1146 -0.0989 -0.2485 0.2543 -0.0982 -0.2742 0.0268 -0.0912 
Freezer, 0.0755 -0.2304 -0.2245 0.0649 0.1648 0.1684 -0.1814 -0.2145 0.0495 -0.0766 0.0425 0.0205 -0.1095 -0.0545 0.1357 0.2045 0.0268 0.0960 0.0095 0.0967 -0.1018 -0.0855 -0.0034 0.2175 0.0154 -0.0401 -0.2413 0.0093 0.1077 -0.1336 0.3084 0.0985 0.0948 -0.1105 -0.1282 -0.0158 0.0459 -0.0994 -0.0616 0.2067 -0.0579 0.1525 -0.0925 -0.1165 -0.2629 0.2626 -0.1060 -0.2512 -0.0169 -0.0908 
Microwave, 0.0308 -0.2421 -0.2143 0.0885 0.1395 0.1823 -0.1894 -0.2224 0.0585 -0.0424 0.0517 0.0205 -0.0969 -0.0210 0.1835 0.1211 0.0531 0.0596 -0.0031 0.0786 -0.1392 -0.1011 0.0175 0.1685 0.0056 -0.0045 -0.1992 0.0153 0.1348 -0.0970 0.2871 0.1089 0.0528 -0.1197 -0.0541 -0.0758 0.0423 -0.1033 -0.1009 0.1859 -0.0532 0.1644 -0.0562 -0.1303 -0.2624 0.2366 -0.1119 -0.1951 -0.0723 -0.0975 
Dishwasher, 0.0871 -0.2156 -0.2183 0.0568 0.1717 0.1485 -0.1756 -0.2088 0.0326 -0.1136 0.0421 0.0320 -0.1166 -0.0759 0.1086 0.2313 0.0045 0.1140 0.0185 0.1217 -0.0596 -0.0575 -0.0097 0.2181 0.0258 -0.0609 -0.2600 0.0015 0.0965 -0.1544 0.3136 0.0865 0.1085 -0.0960 -0.1789 0.0306 0.0222 -0.0758 -0.0340 0.2181 -0.0558 0.1352 -0.1145 -0.1013 -0.2457 0.2559 -0.0984 -0.2745 0.0262 -0.0933 
Washingmachine, -0.0268 -0.2724 -0.2263 0.1128 0.1097 0.2192 -0.2090 -0.2412 0.0943 -0.0020 0.0692 0.0196 -0.0923 0.0325 0.2442 0.0318 0.0824 0.0032 -0.0138 0.0636 -0.1892 -0.1364 0.0318 0.1267 0.0033 0.0332 -0.1507 0.0233 0.1775 -0.0523 0.2802 0.1320 0.0126 -0.1404 0.0464 -0.1459 0.0478 -0.1193 -0.1621 0.1624 -0.0446 0.1914 -0.0119 -0.1667 -0.2789 0.2397 -0.1294 -0.1218 -0.1398 -0.1116 
